0DKT2018090300000000000000000000000000000000000000000000000000000000000000000000000000000000000000
100718001000000000001866    00000018975020180901                                                  
140818001000000000001665    00000019780020180831                                                  
100718001000000000001195    00000018457520180902                                                  
100718001000000000001820    00000018975020180903                                                  
100718001000000000001213    00000018457520180903                                                  
100718001000000000001737    00000018457520180903                                                  
100718001000000000000881    00000018457520180902                                                  
100718001000000000001325    00000018457520180902                                                  
20000100000000001500175000000000000000000000000000000000000000000000000000000000000000000000000000
