0DKT2018112900000000000000000000000000000000000000000000000000000000000000000000000000000000000000
141018001000000000000880    00000020700020181129                                                  
141118001000000000000880    00000020700020181129                                                  
141018001000000000001336    00000020700020181129                                                  
141118001000000000001336    00000020700020181129                                                  
100818001000000000001418    00000019780020181128                                                  
140818001000000000001418    00000019780020181128                                                  
140918001000000000001418    00000019780020181128                                                  
141018001000000000001418    00000021275020181128                                                  
141118001000000000001418    00000021275020181128                                                  
20000110000000001846900000000000000000000000000000000000000000000000000000000000000000000000000000
