0DKT2018110500000000000000000000000000000000000000000000000000000000000000000000000000000000000000
100818001000000000000880    00000019262520181105                                                  
140918001000000000000880    00000019262520181105                                                  
100718001000000000001336    00000018457520181105                                                  
100818001000000000001336    00000019262520181105                                                  
140918001000000000001336    00000019262520181105                                                  
141118001000000000001760    00000017542520181105                                                  
141118001000000000001795    00000018500020181105                                                  
141118001000000000001056    00000009000020181105                                                  
141118001000000000001474    00000009000020181105                                                  
141118001000000000001649    00000018500020181105                                                  
141118001000000000001743    00000018000020181104                                                  
141118001000000000001078    00000009000020181105                                                  
141118001000000000001603    00000018000020181105                                                  
141118001000000000001367    00000018000020181105                                                  
141118001000000000000891    00000018000020181105                                                  
141118001000000000001661    00000018500020181105                                                  
141118001000000000001205    00000018000020181105                                                  
20000300000000004723500000000000000000000000000000000000000000000000000000000000000000000000000000
