0DKT2018100200000000000000000000000000000000000000000000000000000000000000000000000000000000000000
100518001000000000000877    00000017825020181001                                                  
141018001000000000001485    00000016750020181002                                                  
140818001000000000001485    00000019262520181002                                                  
140918001000000000001485    00000019262520181002                                                  
141018001000000000001043    00000016750020181002                                                  
140818001000000000001043    00000019262520181002                                                  
140918001000000000001043    00000019262520181002                                                  
141018001000000000001078    00000008400020181002                                                  
141018001000000000001213    00000016750020181002                                                  
141018001000000000001737    00000016750020181002                                                  
141018001000000000001632    00000016750020181002                                                  
141018001000000000001773    00000016750020181002                                                  
141018001000000000001211    00000016750020181002                                                  
141018001000000000001346    00000016750020181002                                                  
141018001000000000001576    00000016750020181002                                                  
141018001000000000001661    00000017200020181002                                                  
20000180000000002712250000000000000000000000000000000000000000000000000000000000000000000000000000
