0DKT2018110700000000000000000000000000000000000000000000000000000000000000000000000000000000000000
141118001000000000000877    00000016925020181106                                                  
141118001000000000001742    00000018000020181106                                                  
141118001000000000001539    00000009000020181106                                                  
141118001000000000000611    00000018500020181106                                                  
141118001000000000001214    00000016292520181107                                                  
141118001000000000001228    00000016725020181107                                                  
141118001000000000001195    00000018000020181107                                                  
141118001000000000000892    00000018000020181107                                                  
20000100000000001314425000000000000000000000000000000000000000000000000000000000000000000000000000
