0DKT2018090400000000000000000000000000000000000000000000000000000000000000000000000000000000000000
140918001000000000000877    00000016750020180904                                                  
140818001000000000001654    00000019780020180903                                                  
100818001000000000001654    00000019780020180903                                                  
140918001000000000001743    00000015042520180904                                                  
140918001000000000001760    00000016750020180903                                                  
140918001000000000001333    00000016750020180904                                                  
140918001000000000001742    00000016750020180904                                                  
140918001000000000001629    00000016750020180904                                                  
140918001000000000001786    00000016750020180904                                                  
140918001000000000001731    00000016750020180904                                                  
140918001000000000001576    00000016750020180904                                                  
140918001000000000001211    00000016750020180904                                                  
140918001000000000001346    00000016750020180904                                                  
140918001000000000001661    00000017200020180904                                                  
20000160000000002393025000000000000000000000000000000000000000000000000000000000000000000000000000
