0DKT2018090600000000000000000000000000000000000000000000000000000000000000000000000000000000000000
140918001000000000001632    00000016750020180906                                                  
140918001000000000001727    00000016750020180906                                                  
140918001000000000000638    00000017200020180905                                                  
140918001000000000001770    00000016750020180906                                                  
100518001000000000001418    00000018342520180905                                                  
100618001000000000001418    00000018975020180905                                                  
100718001000000000001418    00000018975020180905                                                  
100418001000000000001418    00000018342520180905                                                  
140918001000000000001367    00000016750020180906                                                  
140818001000000000001603    00000019262520180906                                                  
140918001000000000001649    00000017200020180905                                                  
20000130000000001952975000000000000000000000000000000000000000000000000000000000000000000000000000
